0 708 608
0 422 732
215348 421 732
223472 418 731
231780 414 730
239785 406 730
247785 398 730
255786 390 730
263785 383 730
271785 377 730
279785 374 730
287111 370 730
295116 365 730
303116 358 730
311752 354 730
319752 351 730
327814 350 730
343305 348 730
351311 347 730
359940 345 730
367939 344 730
375939 342 730
383939 340 730
391939 338 730
399683 335 730
407516 334 730
415514 332 730
423516 330 730
610344 -1 0
767670 -1 2
1967539 -16 0
1967539 -160 0
2936298 -50 0
3056353 -50 2
3207469 -16 2
3207469 -160 2
5089161 -89 0
5184602 -89 2
8936500 -65 0
9032071 -65 2
10576431 -49 0
10679926 -49 2
12120692 -40 0
12183268 -40 2
14616364 -88 0
14721258 -88 2
18144337 -65 0
18240287 -65 2
19873485 -49 0
19992105 -49 2
26936383 -256 0