1721 -83 0
2192 -83 2
2864 -81 0
2935 -81 2
4335 -87 0
4400 -68 0
4543 -68 2
5160 -68 0
5272 -68 2
5840 -68 0
5936 -68 2
6440 -16 0
6440 -160 0
9736 -16 2
9736 -160 2
9816 -68 0
10312 -87 2
10448 -83 0
10759 -65 0
10783 -68 2
10896 -83 2
11032 -87 0
11239 -68 0
11247 -65 2
11520 -87 2
11655 -83 0
11968 -68 2
12031 -65 0
12343 -83 2
12599 -87 0
12727 -65 2
12815 -68 0
12919 -87 2
13071 -83 0
13120 -68 2
13911 -83 2
14047 -87 0
14335 -87 2
15239 -70 0
15351 -70 2
18264 -83 0
18777 -83 2
24496 -87 0
24504 -68 0
25032 -68 2
25072 -65 0
25504 -87 2
25680 -83 0
25912 -68 0
25920 -65 2
26016 -83 2
26128 -87 0
26384 -16 0
26384 -160 0
26416 -68 2
26983 -81 0
27088 -81 2
30631 -16 2
30631 -160 2
30727 -88 0
30856 -88 2
31160 -16 0
31160 -160 0
36136 -16 2
36136 -160 2
36160 -87 2
36360 -87 0
36520 -1 0
36576 -87 2
36657 -1 2
39361 -87 0
39394 -65 0
41064 -5 0
41120 -65 2
41168 -87 2
42473 -5 2
42473 -87 0
42648 -1 0
42768 -1 2
42824 -1 0
42945 -1 2
43010 -1 0
43137 -1 2
43193 -1 0
43313 -1 2
43384 -1 0
43505 -1 2
43560 -1 0
43680 -1 2
43752 -1 0
43864 -1 2
43928 -1 0
44065 -1 2
44120 -1 0
44256 -1 2
44344 -1 0
44448 -1 2
44528 -1 0
44640 -1 2
44712 -1 0
44824 -1 2
45592 -87 2
46120 -87 0
46263 -68 0
46904 -68 2
47264 -1 0
47376 -1 2
47456 -68 0
47528 -68 2
47849 -68 0
48032 -87 2
48280 -1 0
48400 -1 2
48504 -1 0
48504 -87 0
48616 -1 2
48871 -68 2
49296 -87 2
49600 -65 0
49807 -69 0
49872 -69 2
50072 -69 0
50104 -65 2
50128 -69 2
50264 -69 0
50296 -65 0
50328 -69 2
50424 -65 2
50536 -69 0
50583 -69 2
50960 -65 0
51015 -69 0
51096 -69 2
51176 -65 2
52736 -83 0
52752 -65 0
52768 -65 2
52880 -69 0
52903 -65 0
53008 -83 2
53024 -69 2
53144 -69 0
53158 -65 2
53247 -87 0
53273 -69 2
53359 -69 0
53400 -87 2
53504 -69 2
53544 -87 0
53664 -87 2
53856 -69 0
53944 -68 0
54000 -69 2
54128 -69 0
54191 -68 2
54231 -68 0
54248 -69 2
54304 -68 2
54335 -65 0
54351 -69 0
54527 -69 2
54544 -65 2
54769 -69 0
54872 -87 0
54896 -69 2
55008 -87 2
56311 -256 0