0 849 617
0 862 512
4999 863 512
15534 864 510
23072 865 510
39124 866 510
47130 866 509
54662 866 508
63186 868 507
71707 869 506
79226 871 506
87762 874 504
95769 876 502
103698 878 500
110694 879 500
119239 880 499
143285 881 499
175361 882 498
190886 884 498
199431 886 498
207435 890 498
215016 894 498
223007 896 498
231526 899 498
239064 900 498
245065 901 498
543722 902 497
559737 903 496
575765 905 495
591289 905 494
679820 906 494
695817 910 494
703820 913 494
711821 918 494
719818 920 494
726820 921 494
735817 922 494
927818 922 495
966820 921 496
975818 919 496
983818 918 497
991817 916 498
999818 915 499
1007818 914 499
1263819 913 499
1263819 -1 0
1270817 912 499
1280827 910 499
1343819 906 498
1350819 904 497
1359818 901 496
1367819 899 495
1375818 898 495
1455817 895 495
1463815 892 494
1470819 890 494
1479823 888 494
1486819 884 494
1495817 880 494
1503817 877 494
1510823 872 494
1519819 866 494
1527820 861 494
1535817 857 494
1542822 854 494
1551831 853 494
1559824 851 494
1575828 850 494
1614821 846 494
1623821 843 494
1631819 836 494
1638822 827 494
1647818 819 494
1654820 817 494
1662828 810 495
1671826 800 497
1679830 789 498
1686822 782 498
1695819 773 498
1703817 765 498
1710819 758 498
1719818 750 498
1727819 744 498
1735819 738 498
1743818 731 499
1751820 726 499
1759820 721 499
1766821 716 499
1775816 711 499
1783818 706 499
1790818 698 499
1799824 690 499
1807819 682 499
1815817 672 499
1823818 662 499
1831818 651 499
1839823 642 499
1846823 632 499
1854820 622 499
1863833 611 499
1870818 602 499
1879817 594 499
1887825 586 499
1895824 580 499
1903818 577 499
1910824 576 499
1918818 575 499
1927823 574 499
1959821 573 499
1967827 570 499
1975824 563 499
1981830 556 499
1991818 548 499
1999818 539 499
2007818 530 499
2015820 520 499
2022820 512 499
2031820 503 499
2038823 496 499
2047821 494 499
2054820 492 499
2071824 491 499
2143816 493 498
2151815 497 498
2159823 504 498
2167816 510 495
2174818 518 494
2183816 525 493
2191817 533 491
2198821 540 490
2207817 546 489
2215821 552 488
2223818 556 486
2231818 562 486
2239819 569 485
2247818 578 484
2254820 586 484
2263818 597 483
2271821 606 481
2279824 616 479
2286828 627 477
2295816 637 476
2303821 646 475
2311820 654 475
2319817 662 475
2327820 669 475
2334825 675 475
2343822 680 475
2351818 684 475
2359820 686 475
2367816 688 475
2375817 690 475
2383815 692 475
2391818 694 475
2399817 697 475
2406839 700 475
2414829 704 475
2423818 710 475
2431817 716 475
2439817 723 475
2446821 730 475
2455820 737 475
2461821 744 475
2470822 750 475
2479818 756 475
2487818 762 475
2493830 767 475
2503817 772 475
2511819 775 475
2519817 779 475
2526821 783 475
2535816 786 475
2543816 790 475
2551821 795 475
2558825 800 475
2567818 806 475
2574827 814 475
2583817 822 475
2591831 830 475
2599817 838 475
2607819 847 475
2615818 857 474
2623821 864 474
2631821 871 474
2638823 878 474
2646818 887 473
2654823 893 472
2663815 898 471
2670824 902 470
2679825 904 470
2686822 907 470
2695817 909 470
2703816 910 470
2735818 913 469
2743817 914 468
2751819 917 467
2759817 922 466
2767815 926 466
2774819 934 466
2783817 937 466
2790821 938 466
2815819 939 465
2823830 942 464
2830824 945 463
2838819 947 463
2847820 950 462
2991822 950 461
2999817 947 460
3007826 943 458
3015819 939 456
3022819 937 456
3030818 935 454
3039818 932 454
3054832 930 454
3062821 928 453
3070818 926 452
3103820 925 452
3111819 923 451
3118828 922 451
3126824 918 451
3135818 915 451
3143820 912 451
3151819 909 451
3159817 905 451
3167817 900 452
3175820 896 453
3183823 892 454
3191817 890 454
3199815 886 454
3207821 882 454
3215820 878 455
3223817 874 456
3231817 869 457
3239817 862 458
3247821 857 458
3254821 850 458
3263820 842 458
3270827 836 458
3278821 829 458
3286820 822 458
3296823 818 458
3303817 813 458
3311820 809 458
3319818 806 458
3327819 802 458
3391823 801 459
3399825 798 460
3407818 793 460
3415816 786 460
3423820 778 460
3431817 771 460
3439818 766 460
3447816 759 460
3454819 754 460
3463817 750 460
3471819 746 460
3479820 742 460
3487821 738 460
3495817 734 460
3503817 731 460
3511817 727 460
3519817 723 460
3527818 721 460
3535818 718 460
3543815 715 460
3551821 713 460
3558824 710 460
3567817 706 460
3574838 702 460
3583817 698 460
3591817 692 460
3599817 686 460
3607821 681 460
3615820 674 460
3623817 666 460
3631816 658 460
3639822 650 460
3646818 646 460
3653817 642 460
3663820 638 460
3671817 637 460
3679816 636 460
3686826 635 460
3751818 634 460
3759821 632 460
3766820 629 460
3774823 625 460
3783818 620 460
3791820 615 460
3799818 609 460
3807818 604 460
3815816 598 460
3823817 593 460
3831817 590 460
3839816 588 460
3847819 587 460
3855818 586 460
3991828 586 458
3999816 587 458
4007816 589 456
4015820 591 454
4023819 594 452
4031817 596 451
4039819 598 449
4047817 602 447
4055817 604 446
4063826 606 446
4071820 607 444
4079818 610 442
4085822 611 442
4095818 614 441
4111817 618 441
4119815 620 441
4126818 624 441
4135820 626 441
4143820 628 441
4151817 630 441
4159817 631 441
4167817 632 441
4183828 633 441
4207817 634 441
4214817 637 441
4223821 640 441
4230831 645 441
4239821 651 441
4247820 657 441
4254819 662 441
4263821 666 441
4271820 670 441
4279819 672 441
4288823 675 441
4295817 677 441
4303820 678 441
4310821 679 441
4318822 681 441
4326822 684 441
4335821 688 441
4343817 690 441
4351825 694 441
4359827 698 441
4367830 706 441
4375819 714 441
4383816 722 441
4391817 731 441
4399817 738 441
4407816 745 441
4415824 748 441
4423819 751 441
4431818 753 441
4439818 754 441
4447817 756 441
4454829 758 441
4463819 759 441
4470821 761 441
4479817 766 440
4486817 768 440
4494822 774 440
4503818 780 440
4511817 786 440
4519816 793 440
4527820 800 440
4535820 806 440
4543820 813 440
4551816 818 440
4558821 826 440
4567818 834 440
4575818 842 440
4583823 850 440
4591823 858 440
4599820 866 440
4607823 874 440
4615818 880 440
4623819 886 440
4631820 891 440
4638820 896 440
4647818 899 440
4654819 902 440
4663829 904 440
4671819 906 440
4686818 907 440
4694822 909 440
4703822 910 440
4711818 910 439
4719816 911 438
4759821 912 438
5215410 909 435
5223375 901 433
5231376 892 429
5239382 886 427
5247377 883 426
5256379 882 426
5270375 881 426
5279376 878 425
5287376 874 424
5295372 868 423
5303371 862 422
5311373 855 422
5319378 848 422
5327376 841 422
5335424 834 422
5343379 828 422
5351376 822 422
5359372 817 423
5367375 813 423
5375381 806 424
5383374 802 425
5391376 798 426
5400373 797 426
5402374 -1 2
5407384 796 426
5415375 795 426
5575382 794 426
5583375 794 427
5591383 794 430
5599375 794 432
5607379 794 434
5615381 794 438
5623376 794 443
5631372 795 450
5639374 796 455
5647389 798 461
5654958 800 466
5663298 802 472
5670801 803 478
5679779 805 482
5687031 806 489
5694796 809 495
5703328 810 501
5710987 811 504
5718976 812 510
5727981 812 513
5735980 812 518
5742978 812 523
5751981 812 526
5758982 812 530
5766978 812 532
5774979 812 534
5782983 812 537
5791979 812 538
5798985 812 540
5806979 812 542
5822984 812 545
5830980 812 547
5838989 812 549
5846979 812 551
5854983 811 555
5863979 810 559
5869976 810 562
5878982 809 566
5886978 808 570
5895977 807 576
5902983 806 581
5910976 805 587
5918981 804 592
5927979 803 598
5935988 801 603
5942981 800 609
5951981 799 613
5959983 798 616
5967975 798 619
5974982 798 620
5982975 798 621
5991980 798 622
6327977 799 621
6342986 801 620
6351983 802 618
6374978 804 615
6382976 805 614
6406976 805 613
6414989 805 610
6431979 805 608
6438979 805 606
6446980 805 605
6454991 805 603
6463976 805 602
6471984 805 600
6479977 805 599
6486980 805 598
6494984 805 597
6503020 805 596
6711989 -1 0
6832989 -1 2
7966865 -27 0
8095288 -27 2
9080067 -27 0
9143069 -27 2
10128002 -256 0