0 684 619
253430 684 620
260424 685 621
277426 686 622
286424 687 622
293426 688 622
301424 690 622
637838 692 622
647140 694 622
653144 697 622
661139 700 622
669340 702 622
686601 705 622
694596 710 622
701596 716 622
709602 722 622
718600 726 622
726605 730 622
733602 733 622
742603 735 622
749594 737 622
758641 738 622
765597 739 622
773594 740 622
782595 741 622
790600 742 622
798594 743 622
806601 744 622
814595 746 622
830601 748 622
838601 749 622
846601 750 622
861602 751 622
941595 752 622
949595 754 622
957601 758 622
966006 762 621
973119 769 620
982119 772 618
990119 772 619
997118 777 620
1006121 786 621
1014121 795 621
1022119 810 621
1030119 817 621
1038133 820 621
1055120 824 622
1061121 836 622
1070118 856 622
1078127 883 622
1086120 892 626
1094126 906 627
1102126 928 629
1109126 953 630
1118126 975 630
1127125 995 630
1135125 1002 630
1141125 1003 630
1149118 1008 630
1158126 1018 630
1166121 1028 630
1173122 1040 630
1181123 1052 630
1189119 1064 630
1197123 1076 630
1206125 1089 630
1214121 1101 630
1221124 1113 630
1230127 1125 630
1237124 1138 630
1246120 1152 630
1253119 1165 630
1261123 1180 630
1270120 1192 629
1278127 1199 630
1286126 1210 631
1294120 1225 631
1303120 1250 630
1310120 1270 630
1317125 1294 630
1326120 1318 630
1335125 1336 630
1341520 1343 631
1349525 1355 633
1358524 1370 634
1365525 1383 634
1374524 1404 632
1382524 1422 630
1389528 1441 626
1397524 1450 624
1405524 1453 623
1413524 1454 622
1421524 1456 621
1430524 1459 618
1438519 1459 616
1446518 1462 614
1453524 1471 610
1462519 1481 605
1469520 1490 599
1478519 1500 593
1485524 1510 587
1493524 1522 581
1501524 1531 574
1509525 1535 566
1517524 1535 558
1525519 1535 549
1533524 1535 540
1541525 1535 532
1549519 1535 524
1557525 1535 516
1565517 1535 509
1574524 1535 502
1581524 1535 494
1589519 1535 486
1597523 1535 479
1606517 1535 473
1613517 1535 466
1621519 1535 461
1629524 1535 455
1637525 1535 449
1645524 1535 444
1653524 1535 439
1661525 1535 434
1669525 1535 430
1677521 1535 426
1686524 1535 422
1694529 1535 418
1701524 1535 414
1709525 1535 410
1717517 1535 406
1725524 1535 402
1733525 1535 398
1741525 1535 393
1749517 1535 387
1757524 1535 381
1766525 1535 374
1773524 1535 368
1782524 1535 362
1789524 1535 354
1798517 1535 347
1805518 1535 339
1813517 1535 331
1821524 1535 323
1830517 1535 315
1837524 1535 306
1845524 1535 298
1853523 1535 289
1861525 1535 280
1869524 1535 270
1878517 1535 262
1886578 1535 254
1893524 1535 246
1901524 1535 239
1910524 1535 230
1918524 1535 222
1926522 1535 214
1933524 1535 207
1941524 1535 201
1950517 1535 194
1957518 1535 187
1965517 1535 180
1973524 1535 173
1982518 1535 166
1990517 1535 158
1998519 1535 150
2005524 1535 140
2013525 1535 133
2021525 1535 126
2029525 1535 118
2037517 1535 111
2045525 1535 102
2053520 1535 94
2061521 1535 86
2069524 1535 78
2077519 1535 69
2086517 1535 61
2093524 1535 51
2101524 1534 42
2109519 1533 36
2117517 1532 29
2125524 1531 22
2133524 1530 17
2141525 1529 9
2149520 1528 3
2158517 1527 0
2165524 1526 0
2173519 1525 0
2182517 1524 0
2190520 1523 0
2197520 1520 0
2205524 1518 0
2213524 1515 0
2221524 1512 0
2230524 1508 0
2238519 1507 0
2246517 1505 0
2253563 1504 0
2261525 1503 0
2278518 1502 0
2285524 1499 0
2293524 1496 0
2301525 1494 0
2318539 1492 0
2326519 1488 0
2333525 1482 0
2342519 1476 0
2349524 1470 0
2357524 1462 0
2365525 1455 0
2373524 1447 0
2382517 1439 0
2389522 1430 0
2398524 1422 0
2405524 1412 0
2414517 1402 0
2421518 1390 0
2430521 1379 0
2437527 1369 0
2446524 1356 0
2454523 1340 0
2462520 1325 0
2470574 1306 0
2477519 1288 0
2486523 1268 0
2494550 1245 0
2501520 1222 0
2509521 1199 0
2517517 1177 0
2526523 1154 0
2534566 1126 0
2542524 1101 0
2549525 1078 0
2557518 1053 0
2566524 1030 0
2574524 1007 0
2581529 990 0
2589524 970 0
2598821 948 0
2606868 942 0
2614821 930 0
2622003 912 0
2630011 891 0
2638055 868 0
2645048 842 0
2653047 816 0
2662056 788 0
2669054 758 0
2677053 727 0
2685055 698 0
2693054 668 0
2701089 640 0
2709112 609 0
2717054 581 0
2725054 573 0
2733053 562 0
2742054 549 0
2749050 526 0
2757053 493 0
2765048 465 0
2773097 430 0
2781047 396 0
2789053 359 0
2798055 325 0
2806054 288 0
2813053 254 0
2821054 220 0
2830054 186 0
2837066 154 0
2846049 119 0
2854054 90 0
2861058 58 0
2869058 26 0
2877047 0 0
3061059 0 1
3077048 0 2
3086055 0 3
3094050 0 5
3101047 0 6
3110054 0 10
3118054 0 14
3126055 0 17
3134055 0 19
3142053 0 23
3149053 0 27
3157047 0 30
3165053 0 34
3173054 0 38
3182054 0 42
3189047 0 46
3198049 0 51
3205054 0 55
3213050 0 61
3221054 0 66
3230055 0 71
3238047 0 76
3246060 0 82
3253047 0 86
3262054 0 88
3270048 0 90
3277048 0 94
3285048 0 99
3302054 0 100
3310054 0 101
3318048 0 105
3325053 0 110
3333054 0 115
3342054 0 122
3349053 0 127
3358055 0 134
3365054 0 138
3374054 0 144
3381047 0 151
3389047 0 158
3397049 0 166
3406054 0 173
3413053 0 181
3422048 0 190
3430054 0 199
3437047 0 209
3445050 0 218
3454053 0 227
3461049 0 236
3470052 0 245
3477054 0 254
3486054 0 260
3494055 0 267
3502048 0 274
3509062 0 281
3517047 0 289
3526059 0 295
3533047 0 302
3541060 0 308
3550054 0 315
3557049 0 322
3565048 0 328
3573057 0 334
3581047 0 338
3589047 0 344
3597047 0 350
3606047 0 354
3613047 0 360
3621048 0 366
3630048 0 372
3637047 0 380
3646049 0 389
3653050 0 397
3662050 0 406
3670052 0 415
3678051 0 425
3686049 0 436
3693048 0 448
3702054 0 460
3710054 0 474
3718050 0 486
3726049 0 501
3733048 0 517
3741054 0 533
3750051 0 550
3757102 0 564
3766049 0 580
3773048 0 598
3781053 0 614
3789057 0 634
3797054 0 654
3805049 0 679
3813054 0 699
3821054 0 722
3831048 0 745
3837057 0 762
3846049 0 782
3853054 0 802
3862050 0 822
3869047 0 841
3877055 0 856
3885048 0 863
4076818 1 863
4085820 2 863
4093137 4 863
4101132 5 863
4109183 8 863
4118183 10 863
4126184 11 863
4133619 14 863
4142618 16 863
4150612 18 863
4157614 21 863
4165906 26 863
4173903 30 863
4181228 34 863
4190228 39 863
4198338 46 863
4206338 51 863
4213658 57 863
4221666 65 863
4229665 70 863
4238816 81 863
4246815 96 863
4252867 118 863
4262398 140 863
4269890 170 863
4277719 203 863
4285718 241 863
4293718 278 863
4301706 322 863
4309706 365 863
4317707 404 863
4325712 442 863
4332714 482 863
4341706 523 863
4350707 552 863
4358707 587 863
4366699 630 863
4374707 658 863
4381707 691 863
4389700 734 863
4398699 782 863
4405699 834 863
4414752 890 863
4422701 920 863
4429703 942 863
4437747 953 863
4446706 962 863
4453706 977 863
4461707 1013 863
4470750 1058 863
4477707 1106 863
4485700 1134 863
4493700 1174 863
4501701 1213 863
4510701 1257 863
4517700 1299 863
4526699 1328 863
4534732 1351 863
4542707 1382 863
4550706 1415 863
4558707 1449 863
4565707 1481 863
4573706 1502 863
4581701 1510 863
4590705 1517 863
4598706 1533 863
4606705 1535 863
4829581 1535 862
4893078 1535 861
4901083 1535 860
4957085 1535 859
4966081 1535 858
4973085 1535 857
4981079 1535 854
4989379 1535 850
4997380 1535 848
5006378 1535 845
5013543 1535 841
5021549 1535 838
5029543 1535 834
5036709 1535 832
5045703 1535 829
5053709 1535 827
5062702 1535 824
5068702 1535 822
5078703 1535 819
5085710 1535 817
5093705 1535 814
5101709 1535 810
5109702 1535 806
5117709 1535 803
5125702 1535 800
5133702 1535 798
5142702 1535 794
5148710 1535 792
5158702 1535 790
5163704 1535 787
5173703 1535 785
5181710 1535 782
5189703 1535 779
5197710 1535 776
5205702 1535 773
5212708 1535 770
5221703 1535 766
5230702 1535 762
5237703 1535 759
5245702 1535 754
5253702 1535 750
5262702 1535 746
5270702 1535 740
5276705 1535 734
5285709 1535 729
5293705 1535 723
5301704 1535 717
5309703 1535 710
5317703 1535 704
5325702 1535 698
5333703 1535 690
5340708 1535 682
5349703 1535 673
5357702 1535 664
5365703 1535 657
5374702 1535 648
5382702 1535 639
5388710 1535 630
5396706 1535 622
5404709 1535 613
5413703 1535 604
5422703 1535 595
5429703 1535 586
5438702 1535 577
5445702 1535 566
5454702 1535 557
5462702 1535 547
5469702 1535 536
5477712 1535 526
5485710 1535 516
5493705 1535 506
5501709 1535 496
5509702 1535 485
5517703 1535 474
5526702 1535 463
5533703 1535 452
5541702 1535 442
5550709 1535 431
5557703 1535 419
5566702 1535 407
5573703 1535 394
5581709 1535 378
5589703 1535 364
5598702 1535 349
5605703 1535 333
5612703 1535 320
5620702 1535 303
5629705 1535 291
5637704 1535 274
5645704 1535 257
5653707 1535 242
5662707 1535 224
5669707 1535 206
5677706 1535 193
5685706 1535 180
5693707 1535 163
5701702 1535 149
5708702 1535 131
5717710 1535 117
5725703 1535 102
5732708 1535 87
5742703 1535 72
5749703 1535 57
5757703 1535 42
5765703 1535 30
5773703 1535 16
5781702 1535 4
5789703 1535 0
6109704 1533 0
6118710 1527 1
6125702 1519 2
6133716 1510 5
6141702 1498 6
6149315 1484 10
6157639 1466 14
6166634 1447 20
6173634 1427 25
6180675 1407 31
6189637 1390 38
6197640 1374 44
6205640 1357 49
6213640 1345 52
6221639 1333 56
6229635 1320 59
6237634 1308 62
6245633 1296 64
6254634 1284 67
6262638 1270 69
6269639 1256 73
6278634 1242 74
6285640 1233 76
6293640 1229 76
6301640 1222 76
6309634 1212 76
6318635 1201 77
6325639 1189 78
6333640 1178 80
6341640 1167 82
6350634 1156 84
6357635 1146 85
6366635 1137 86
6373640 1127 89
6381639 1115 90
6390635 1103 92
6397635 1090 94
6405636 1074 96
6412636 1057 99
6421635 1038 102
6428634 1022 104
6438634 1010 106
6444637 1000 108
6453641 992 110
6461637 982 111
6469636 971 113
6476633 959 115
6485639 946 118
6492634 934 120
6501634 926 123
6508640 916 126
6517640 906 128
6524633 895 130
6533640 886 132
6540640 877 134
6549635 867 136
6556640 858 138
6564633 848 140
6573635 838 142
6582634 830 144
6589634 821 146
6596639 814 147
6605635 805 150
6613636 798 150
6620636 790 152
6629635 782 154
6637634 775 156
6645640 768 157
6654633 759 158
6662635 750 161
6668640 742 162
6676643 734 164
6685640 726 166
6693640 718 168
6700634 712 170
6709641 705 171
6717635 698 173
6725634 691 174
6733634 683 175
6741640 674 178
6748640 667 181
6756639 658 184
6766634 650 187
6772639 643 190
6782634 636 194
6789640 630 196
6797640 624 200
6806633 619 203
6812638 615 207
6822635 610 210
6828634 604 215
6837640 597 221
6849635 588 227
6852633 580 230
6861638 577 235
6870635 575 236
6876642 574 238
6902636 573 238
6910636 570 238
6917634 568 238
6926635 566 238
7429896 565 238
7732899 -256 0