0 993 535
996 993 535
302747 992 536
310749 992 539
318747 993 544
326747 994 549
334753 996 554
342754 998 560
350747 1000 567
358747 1002 573
366755 1004 578
374915 1006 585
382915 1009 590
390916 1011 595
398916 1012 599
406915 1014 604
414915 1016 609
422913 1019 614
430915 1019 619
438916 1023 625
446908 1026 633
454910 1030 641
462908 1033 648
470910 1035 657
478916 1039 667
486908 1045 678
494915 1053 691
502909 1060 703
510909 1068 716
518908 1076 727
526915 1087 740
534909 1099 754
542910 1113 770
550909 1120 783
558908 1131 796
566908 1143 810
574911 1159 823
582915 1181 838
590912 1205 854
598916 1214 858
606909 1219 865
614909 1236 875
622908 1246 883
630911 1259 894
638915 1285 908
646910 1318 923
654917 1355 939
662908 1399 956
670911 1442 972
678909 1486 989
686914 1532 1001
694915 1577 1014
702908 1625 1024
710910 1670 1034
718908 1712 1042
726912 1743 1051
734914 1776 1059
742909 1809 1066
750910 1842 1073
758908 1872 1079
766915 1901 1079
774916 1919 1079
1023007 1919 1077
1031013 1919 1076
1047007 1919 1079
1071074 1919 1077
1079072 1919 1076
1095072 1919 1075
1119072 1919 1074
1127072 1919 1073
1135078 1919 1072
1183132 1919 1074
1263137 1918 1074
1655153 1917 1074
1662157 1916 1074
1799169 1916 1075
1814162 1917 1075
1831163 1918 1075
1838165 1919 1075
2006172 1919 1076
2014177 1919 1079
2070182 1919 1077
2078186 1919 1075
2118186 1919 1074
2126181 1919 1073
2134186 1919 1071
2142182 1919 1069
2150182 1919 1068
2158187 1919 1065
2166187 1919 1062
2175188 1919 1057
2182181 1919 1051
2190182 1919 1045
2198187 1919 1038
2206187 1919 1030
2214186 1919 1022
2222260 1919 1014
2230256 1919 1006
2238257 1919 998
2246255 1919 990
2254308 1919 982
2262305 1919 974
2270306 1919 966
2278305 1919 956
2286306 1919 948
2294305 1919 940
2302305 1919 932
2310305 1919 923
2318305 1919 915
2326311 1919 908
2334307 1919 900
2342307 1919 892
2350306 1919 884
2358309 1919 876
2366306 1919 867
2374305 1919 856
2382306 1919 843
2390305 1919 831
2398306 1919 817
2406306 1919 804
2414306 1919 792
2422314 1919 778
2430306 1919 764
2438307 1919 751
2446305 1919 738
2454308 1919 726
2462305 1919 714
2470305 1919 702
2478305 1919 689
2486306 1919 676
2494307 1919 664
2502306 1919 651
2510305 1919 639
2518306 1919 630
2526314 1919 619
2534305 1919 608
2542322 1919 599
2550316 1919 592
2558317 1919 585
2566317 1919 579
2574318 1919 572
2582321 1919 564
2590316 1919 557
2598317 1919 547
2606323 1919 541
2614317 1919 535
2622325 1919 529
2630316 1919 523
2638323 1919 517
2646318 1919 512
2654319 1919 509
2662318 1919 502
2670317 1918 497
2678323 1917 492
2686317 1916 485
2694324 1916 482
2702322 1916 478
2710324 1916 473
2718317 1915 467
2726320 1914 462
2734317 1914 457
2742718 1912 448
2750712 1911 437
2758718 1910 427
2766716 1909 419
2774718 1908 413
2782712 1906 408
2790712 1905 404
2798712 1904 401
2806717 1904 398
2814711 1904 394
2822713 1903 389
2830710 1903 385
2838718 1903 381
2846712 1903 376
2854713 1903 370
2862711 1903 364
2870713 1903 358
2878713 1903 350
2886712 1903 346
2894718 1904 338
2902712 1905 332
2910712 1906 327
2918712 1907 320
2926711 1909 314
2934712 1910 308
2942724 1911 301
2950724 1913 295
2958729 1914 287
2966723 1916 281
2974723 1917 276
2982732 1919 269
2990820 1919 264
2998819 1919 258
3006899 1919 253
3014899 1919 251
3022906 1919 248
3030958 1919 244
3038955 1919 237
3046951 1919 232
3055070 1919 230
3063074 1919 228
3087069 1919 225
3095068 1919 222
3102068 1919 217
3110068 1919 212
3119068 1919 209
3126068 1919 203
3134068 1919 201
3142074 1919 195
3151069 1919 190
3159125 1919 185
3166225 1919 180
3174226 1919 175
3182226 1919 167
3190226 1919 161
3198225 1919 155
3206225 1919 145
3214225 1919 138
3222225 1919 128
3230226 1919 121
3238225 1919 111
3246299 1919 100
3254296 1919 90
3262294 1919 79
3270294 1919 67
3278294 1919 55
3286294 1919 41
3294294 1919 28
3302294 1919 16
3310294 1919 4
3318295 1919 0
3710338 1918 0
3718338 1913 0
3726338 1903 0
3734345 1891 0
3742423 1879 0
3750426 1868 0
3758426 1859 0
3766430 1851 0
3774559 1843 0
3782560 1836 0
3790723 1828 0
3798723 1820 0
3806774 1811 0
3814776 1802 0
3822775 1792 0
3830781 1783 0
3838774 1772 0
3846776 1761 0
3854775 1751 0
3862778 1740 0
3870774 1731 0
3878774 1722 0
3886774 1714 0
3894773 1704 0
3901949 1696 0
3909950 1688 0
3918957 1679 0
3926956 1670 0
3934957 1659 0
3942152 1648 0
3950153 1636 0
3958158 1622 0
3966236 1607 0
3974268 1592 0
3982401 1578 0
3990540 1563 0
3998546 1548 0
4006539 1533 0
4014616 1518 0
4022797 1503 0
4030798 1488 0
4038800 1472 0
4046954 1456 0
4054955 1441 0
4062954 1424 0
4069947 1409 0
4077954 1396 0
4085952 1381 0
4094954 1366 0
4102954 1351 0
4109946 1342 0
4117947 1330 0
4126954 1319 0
4134953 1309 0
4142953 1297 0
4149948 1288 0
4158953 1277 0
4166947 1268 0
4174954 1258 0
4181996 1249 0
4189996 1240 0
4199054 1231 0
4206053 1220 0
4214053 1209 0
4222058 1200 0
4230053 1191 0
4238053 1181 0
4246052 1172 0
4254056 1166 0
4262052 1159 0
4270052 1153 0
4278053 1145 0
4286053 1139 0
4294053 1131 0
4302058 1122 0
4310053 1113 0
4318053 1103 0
4326053 1094 0
4334053 1085 0
4342058 1075 0
4350053 1069 0
4358053 1060 0
4366058 1052 0
4374053 1043 0
4382058 1032 0
4390053 1021 0
4398053 1012 0
4406053 1001 0
4414053 991 0
4422053 980 0
4430058 971 0
4438053 960 0
4446058 949 0
4454056 937 0
4462053 925 0
4470053 913 0
4478054 901 0
4486181 889 0
4494175 877 0
4502175 865 0
4510175 855 0
4518175 845 0
4526180 836 0
4534176 826 0
4542181 817 0
4550175 808 0
4558174 799 0
4566175 789 0
4574174 780 0
4582181 772 0
4590175 765 0
4598175 757 0
4606175 749 0
4614175 743 0
4622174 736 0
4630181 730 0
4638175 722 0
4646182 714 0
4654175 708 0
4662232 699 0
4670234 693 0
4678234 687 0
4686232 680 0
4694233 675 0
4702232 670 0
4710232 666 0
4718231 661 0
4726233 656 0
4734297 651 0
4742332 645 0
4750330 637 0
4758340 630 0
4766333 623 0
4774338 615 0
4782333 606 0
4790333 598 0
4798330 590 0
4806332 582 0
4814332 576 0
4822335 569 0
4830334 563 0
4838333 557 0
4846333 550 0
4854335 544 0
4862338 538 0
4870333 531 0
4878331 525 0
4886334 519 0
4894335 514 0
4902333 508 0
4910331 501 0
4918331 492 0
4926331 483 0
4934331 475 0
4942331 466 0
4950332 456 0
4958331 445 0
4966331 434 0
4974330 424 0
4982330 413 0
4990331 402 0
4998333 393 0
5006333 382 0
5014333 371 0
5022332 361 0
5030332 350 0
5038332 339 0
5046332 330 0
5054333 325 0
5062332 323 0
5070425 318 0
5078476 311 0
5086475 306 0
5094475 298 0
5102481 292 0
5110475 286 0
5118475 279 0
5126476 271 0
5134660 265 0
5142654 259 0
5150654 252 0
5158654 245 0
5166807 237 0
5174807 229 0
5181854 221 0
5190854 212 0
5197897 204 0
5205897 201 0
5213902 200 0
5221902 197 0
5229897 190 0
5238898 184 0
5246904 175 0
5253905 167 0
5261902 157 0
5269901 150 0
5277948 140 0
5285948 133 0
5294956 123 0
5302949 115 0
5310950 106 0
5318956 98 0
5326956 92 0
5333955 84 0
5341949 76 0
5349950 67 0
5357949 57 0
5366080 46 0
5374079 35 0
5382084 24 0
5390079 13 0
5398080 1 0
5406080 0 0
5566319 0 2
5574434 0 3
5582434 0 4
5590584 0 5
5598630 0 6
5606631 0 7
5614635 0 9
5622630 0 10
5630782 0 11
5638776 0 12
5646776 0 14
5653911 0 16
5669917 0 18
5677917 0 21
5685917 0 24
5693916 0 27
5701916 0 31
5709913 0 34
5717975 0 38
5725970 0 44
5733969 0 51
5741973 0 58
5749969 0 65
5757969 0 72
5765969 0 80
5773969 0 88
5782078 0 96
5790078 0 103
5798077 0 110
5806078 0 117
5814079 0 125
5822084 0 132
5830078 0 138
5838078 0 145
5846082 0 151
5854079 0 156
5862077 0 161
5870082 0 166
5878078 0 171
5886146 0 176
5894145 0 181
5902145 0 186
5910146 0 192
5918144 0 199
5926145 0 204
5934152 0 210
5942144 0 217
5950145 0 223
5958145 0 231
5966144 0 238
5974147 0 246
5982145 0 254
5990144 0 263
5998144 0 271
6006146 0 281
6014144 0 291
6022146 0 301
6030147 0 311
6038145 0 322
6046144 0 334
6054147 0 347
6062147 0 358
6070147 0 370
6078145 0 382
6086147 0 395
6094146 0 407
6102144 0 420
6110146 0 433
6118146 0 446
6126146 0 460
6134146 0 472
6142147 0 484
6150146 0 496
6158146 0 509
6166144 0 520
6174151 0 530
6182152 0 540
6190151 0 549
6198144 0 557
6206144 0 566
6214145 0 574
6222151 0 584
6230147 0 592
6238152 0 600
6246147 0 608
6254152 0 617
6262145 0 625
6270149 0 634
6278144 0 644
6286148 0 653
6294146 0 664
6302147 0 673
6310147 0 683
6318147 0 692
6326151 0 702
6334154 0 711
6342151 0 719
6350145 0 729
6358151 0 738
6366151 0 748
6374144 0 756
6382145 0 765
6390145 0 774
6398147 0 783
6406145 0 791
6414144 0 799
6422147 0 807
6430147 0 815
6438146 0 823
6446146 0 829
6454151 0 836
6462145 0 843
6470146 0 851
6478146 0 859
6486148 0 865
6494147 0 873
6502146 0 880
6510154 0 886
6518146 0 893
6526146 0 899
6534154 0 905
6542151 0 912
6550144 0 917
6558227 0 924
6566226 0 930
6574226 0 937
6582226 0 943
6590228 0 950
6598227 0 956
6606227 0 963
6614460 0 969
6622462 0 976
6630604 0 982
6638610 0 989
6646723 0 995
6653727 0 1000
6661728 0 1006
6670725 0 1011
6678723 0 1016
6686728 0 1023
6693728 0 1029
6702724 0 1034
6710725 0 1040
6718729 0 1045
6726724 0 1051
6734724 0 1058
6742726 0 1063
6750725 0 1069
6757730 0 1076
6766723 0 1079
7021729 1 1079
7029724 5 1079
7037730 8 1079
7046730 15 1079
7053729 20 1079
7062724 26 1079
7069727 35 1079
7077723 43 1079
7085726 52 1079
7094724 60 1079
7101725 70 1079
7109724 81 1079
7117729 90 1079
7125728 97 1079
7133729 107 1079
7141728 117 1079
7149724 129 1079
7158724 140 1079
7165729 153 1079
7173723 165 1079
7181729 176 1079
7189724 182 1079
7197729 186 1079
7205728 189 1079
7214729 192 1079
7221728 198 1079
7230725 203 1079
7238729 208 1079
7245728 216 1079
7254730 224 1079
7261722 232 1079
7269724 240 1079
7277729 250 1079
7285722 261 1079
7293732 272 1079
7301723 282 1079
7309724 293 1079
7317724 303 1079
7325722 314 1079
7333722 323 1079
7341722 333 1079
7350722 343 1079
7358725 353 1079
7365724 362 1079
7373728 373 1079
7381722 382 1079
7389727 393 1079
7397724 404 1079
7405730 415 1079
7413723 424 1079
7421722 435 1079
7429724 446 1079
7437728 457 1079
7445723 464 1079
7453724 468 1079
7461729 469 1079
7469727 470 1079
7477727 476 1079
7485725 487 1079
7493732 499 1079
7501723 513 1079
7510730 528 1079
7517723 543 1079
7525724 557 1079
7533728 571 1079
7541728 583 1079
7549723 595 1079
7557722 607 1079
7565723 619 1079
7573728 632 1079
7581723 647 1079
7589725 660 1079
7597723 673 1079
7606730 686 1079
7613723 698 1079
7621723 711 1079
7629724 721 1079
7637724 731 1079
7646723 737 1079
7653724 741 1079
7662724 750 1079
7670727 761 1079
7678723 771 1079
7685724 785 1079
7694723 800 1079
7701728 812 1079
7710731 824 1079
7717852 836 1079
7725847 848 1079
7733852 861 1079
7741846 865 1079
7749916 868 1079
7765915 869 1079
7821916 871 1079
7829921 878 1079
7837920 888 1078
7845915 896 1078
7853915 900 1079
7861914 906 1079
7869916 911 1079
7877914 921 1079
7885917 935 1079
7893915 948 1079
7901915 961 1079
7909915 975 1079
7917917 988 1079
7925915 1000 1079
7933914 1012 1079
7941915 1024 1079
7949915 1035 1079
7957914 1047 1079
7965914 1057 1079
7973916 1069 1079
7981915 1081 1079
7989914 1090 1079
7997915 1098 1079
8005915 1107 1079
8013915 1117 1079
8021915 1128 1079
8029915 1139 1079
8037915 1151 1079
8045915 1158 1079
8053915 1160 1079
8061915 1168 1079
8069915 1177 1079
8077915 1189 1079
8085916 1201 1079
8093915 1213 1079
8101915 1225 1079
8109914 1237 1079
8117920 1249 1079
8125920 1261 1079
8133920 1273 1079
8141915 1285 1079
8149922 1300 1079
8157920 1315 1079
8165927 1330 1079
8173915 1346 1079
8181921 1362 1079
8189916 1381 1079
8197915 1397 1079
8205915 1417 1079
8213920 1434 1079
8221920 1452 1079
8229917 1473 1079
8237915 1498 1079
8245921 1523 1079
8253921 1547 1079
8261921 1572 1079
8269915 1593 1079
8277915 1612 1079
8285918 1631 1079
8293915 1647 1079
8301914 1663 1079
8309923 1680 1079
8317915 1694 1079
8325915 1711 1079
8333920 1724 1079
8341914 1733 1079
8349915 1744 1079
8357915 1756 1079
8365920 1768 1079
8373915 1780 1079
8381920 1792 1079
8389916 1804 1079
8397921 1814 1079
8405916 1826 1079
8413916 1835 1079
8421914 1845 1079
8429977 1856 1079
8437986 1865 1079
8445976 1874 1079
8453978 1885 1079
8461977 1894 1079
8469978 1901 1079
8477977 1907 1079
8485985 1915 1079
8493984 1919 1079
8694038 1919 1078
8710037 1919 1077
8718037 1919 1076
8726037 1919 1075
8734046 1919 1074
8742038 1919 1073
8750045 1919 1072
8758037 1919 1070
8766036 1919 1068
8774043 1919 1065
8782043 1919 1063
8790043 1919 1060
8798037 1919 1059
8806043 1919 1056
8814043 1919 1054
8822043 1919 1052
8830037 1919 1048
8838043 1919 1043
8846037 1919 1039
8854043 1919 1036
8862036 1919 1032
8878036 1919 1030
8886038 1919 1028
8894036 1919 1022
8902038 1919 1017
8910039 1919 1010
8918036 1919 1003
8926043 1919 996
8934039 1919 988
8942038 1919 982
8950039 1919 975
8958036 1919 968
8966037 1919 963
8974043 1919 958
8982043 1919 952
8990037 1919 947
8998037 1919 942
9006043 1919 937
9013044 1919 932
9022043 1919 927
9030037 1919 921
9038037 1919 918
9046036 1919 912
9054038 1919 909
9062037 1919 905
9070039 1919 901
9078036 1919 897
9086043 1919 894
9094042 1919 890
9102037 1919 886
9110043 1919 883
9118037 1919 880
9126037 1919 877
9134038 1919 873
9142040 1919 868
9150038 1919 863
9158044 1919 858
9166037 1919 853
9174037 1919 848
9182038 1919 843
9190037 1919 837
9198043 1919 832
9206037 1919 829
9214041 1919 822
9222044 1919 817
9230040 1919 811
9238045 1919 806
9246043 1919 801
9254044 1919 795
9262043 1919 790
9270046 1919 784
9278036 1919 776
9286044 1919 770
9294043 1919 763
9302039 1919 756
9310038 1919 749
9318045 1919 743
9326038 1919 737
9334043 1919 729
9342044 1919 722
9350038 1919 719
9358044 1919 714
9366043 1919 710
9374043 1919 705
9382043 1919 701
9390037 1919 698
9398038 1919 694
9406044 1919 691
9414040 1919 687
9422038 1919 682
9430040 1919 678
9438044 1919 674
9446044 1919 668
9454043 1919 663
9462044 1919 659
9470037 1919 654
9478037 1919 649
9486039 1919 644
9494257 1919 637
9502258 1919 633
9510257 1919 626
9518258 1919 621
9526256 1919 616
9534256 1919 610
9542258 1919 604
9550259 1919 598
9558256 1919 593
9566258 1919 587
9574258 1919 579
9582256 1919 573
9590257 1919 568
9598257 1919 565
9606256 1919 558
9614256 1919 553
9622258 1919 545
9630257 1919 539
9638256 1919 534
9646256 1919 529
9654258 1919 524
9661258 1919 520
9670258 1919 514
9678258 1919 508
9686259 1919 501
9694259 1919 495
9702258 1919 489
9710257 1919 483
9718257 1919 477
9726257 1919 472
9734257 1919 469
9742264 1919 465
9750256 1919 461
9758257 1919 457
9766257 1919 453
9774257 1919 451
9782257 1919 448
9790258 1919 445
9798257 1919 443
9806258 1919 440
9814258 1919 438
9821258 1919 436
9830256 1919 434
9838263 1919 432
9846257 1919 429
9862257 1918 426
9870257 1918 425
9878337 1918 424
9886337 1917 421
9894335 1916 419
9902345 1915 416
9910342 1914 413
9918390 1914 410
9926390 1913 407
9934391 1912 403
9942390 1911 400
9950392 1910 397
9957391 1909 394
9966391 1908 391
9974397 1907 387
9982391 1906 384
9989392 1904 382
9998392 1903 378
10006391 1902 375
10014391 1901 371
10022391 1901 369
10030390 1900 365
10038390 1898 362
10046393 1897 359
10054391 1895 356
10061392 1893 353
10070390 1893 351
10078390 1891 349
10086393 1889 347
10094389 1888 345
10102393 1885 344
10110393 1883 342
10118390 1881 342
10126391 1879 341
10133390 1877 340
10198389 1875 340
10206389 1868 338
10214391 1862 336
10222390 1852 335
10230390 1843 334
10238390 1835 331
10246391 1828 330
10254390 1820 329
10262390 1812 327
10269401 1806 326
10278390 1799 325
10286392 1796 324
10294389 1793 323
10446396 1792 321
10454390 1791 320
10462391 1788 319
10469398 1785 319
10478389 1778 319
10485392 1773 319
10494390 1769 319
10501389 1765 319
10509390 1764 319
10517465 1763 319
11638036 -256 0