0 1048 619
0 1502 708
78959 1502 707
86956 1502 704
94950 1502 703
102956 1501 701
118956 1501 699
126957 1501 698
142957 1501 696
967709 1501 695
974789 1501 694
982926 1501 691
990889 1501 690
998889 1501 689
1006571 1501 687
1014452 1501 686
1023459 1502 684
1030452 1502 682
1054453 1502 681
1063452 1502 678
1078452 1502 677
1087454 1503 675
1095454 1503 674
1102452 1504 672
1110453 1504 670
1118455 1505 669
1126453 1505 668
1134453 1505 666
1143453 1506 664
1151453 1506 662
1159453 1506 660
1167453 1507 658
1174452 1508 656
1182452 1508 653
1190452 1509 651
1198458 1510 648
1207452 1510 645
1214453 1511 641
1223453 1512 635
1231453 1513 630
1238452 1514 626
1247452 1516 619
1254452 1517 613
1262453 1518 606
1270452 1518 601
1279453 1519 593
1286453 1520 586
1294452 1521 578
1302453 1522 570
1310458 1524 562
1318452 1525 553
1326452 1526 544
1334453 1526 536
1343454 1529 527
1350452 1530 518
1359456 1530 510
1367454 1531 502
1374452 1533 494
1383453 1534 485
1390452 1535 476
1398452 1535 468
1407454 1535 459
1415453 1535 452
1423454 1535 444
1431452 1535 437
1439454 1535 428
1447454 1535 419
1454452 1535 412
1463453 1535 404
1471452 1535 397
1479453 1535 390
1487453 1535 383
1495453 1535 378
1503453 1535 372
1510452 1535 366
1518452 1535 359
1527452 1535 354
1534452 1535 349
1542452 1535 344
1550452 1535 340
1558452 1535 336
1566452 1535 332
1574458 1535 327
1582452 1535 322
1590453 1535 315
1598452 1535 310
1606453 1535 306
1614452 1535 299
1622452 1535 293
1630452 1535 288
1638452 1535 282
1647453 1535 275
1654452 1535 270
1663453 1535 265
1670452 1535 262
1678452 1535 256
1686452 1535 251
1695453 1535 248
1702452 1535 244
1710452 1535 240
1719453 1535 237
1726452 1535 233
1735453 1535 230
1742452 1535 226
1751459 1535 222
1759453 1535 218
1766452 1535 214
1774452 1535 210
1782452 1535 206
1790453 1535 201
1798452 1535 195
1806460 1535 190
1814452 1535 185
1822453 1535 179
1830459 1535 172
1838452 1534 166
1846453 1534 161
1854452 1534 154
1862453 1533 146
1871454 1532 140
1879455 1532 135
1886452 1532 130
1894458 1532 125
1903453 1532 120
1911453 1532 117
1919453 1532 113
1926458 1532 109
1934452 1532 106
1942452 1532 102
1950452 1532 99
1958453 1532 96
1966453 1532 94
1974452 1532 92
1982453 1532 90
1990452 1532 88
1998452 1532 86
2006453 1532 84
2014452 1532 83
2022453 1531 80
2031453 1531 79
2038453 1531 77
2046452 1530 74
2054452 1530 73
2062452 1530 72
2071453 1530 70
2078453 1530 69
2086453 1530 68
2094459 1529 66
2110452 1529 63
2118452 1528 61
2127453 1527 58
2134453 1527 56
2142454 1526 54
2150452 1526 51
2158460 1525 46
2166455 1523 42
2174454 1522 38
2182453 1522 34
2190453 1522 31
2198453 1522 26
2206452 1522 20
2214452 1522 13
2222458 1519 4
2230452 1517 0
2238455 1514 0
2246452 1511 0
2255453 1509 0
2262452 1507 0
2270454 1505 0
2278452 1502 0
2286452 1501 0
2295453 1499 0
2302453 1498 0
2310452 1497 0
2326452 1496 0
2334452 1494 0
2358452 1493 0
2374452 1492 0
2390453 1491 0
2398452 1490 0
2414452 1489 0
2422453 1487 0
2430452 1486 0
2439460 1485 0
2446453 1482 0
2462452 1479 0
2470453 1478 0
2478452 1477 0
2486452 1475 0
2494452 1473 0
2502452 1472 0
2510452 1470 0
2518452 1468 0
2526452 1466 0
2534453 1463 0
2542452 1460 0
2550452 1456 0
2558452 1452 0
2566452 1446 0
2574459 1439 0
2582453 1433 0
2590454 1426 0
2598452 1418 0
2606459 1411 0
2614452 1404 0
2622453 1396 0
2630452 1389 0
2638452 1381 0
2646454 1374 0
2655453 1366 0
2662452 1359 0
2670459 1352 0
2678452 1346 0
2686452 1341 0
2694458 1335 0
2703453 1331 0
2710452 1328 0
2718452 1324 0
2725452 1318 0
2734452 1311 0
2742452 1306 0
2750452 1298 0
2758453 1290 0
2766452 1282 0
2774453 1274 0
2782452 1264 0
2790457 1253 0
2798452 1242 0
2806454 1231 0
2814452 1220 0
2822453 1208 0
2830452 1196 0
2838454 1182 0
2846452 1166 0
2854453 1156 0
2862452 1144 0
2870453 1127 0
2878452 1108 0
2886453 1086 0
2894459 1066 0
2902454 1046 0
2910454 1025 0
2918455 1004 0
2926454 987 0
2934460 968 0
2942453 952 0
2951459 938 0
2958453 929 0
2966454 919 0
2974453 909 0
2982459 897 0
2990452 887 0
2998453 878 0
3006459 869 0
3014452 862 0
3022453 854 0
3030453 848 0
3038453 842 0
3046453 834 0
3054452 829 0
3062452 822 0
3070452 818 0
3078458 810 0
3086452 804 0
3094458 798 0
3102452 790 0
3110452 782 0
3118452 772 0
3126452 762 0
3134452 750 0
3142452 739 0
3150452 727 0
3158452 715 0
3166453 702 0
3174452 686 0
3182452 672 0
3191453 658 0
3198452 646 0
3206453 635 0
3214452 625 0
3222460 615 0
3230453 605 0
3238453 595 0
3246452 586 0
3254452 579 0
3262452 572 0
3270452 565 0
3278452 557 0
3286452 552 0
3294452 550 0
3302452 544 0
3310452 538 0
3318453 532 0
3326453 526 0
3334452 518 0
3342453 510 0
3350458 503 0
3358458 497 0
3366452 490 0
3374459 482 0
3382452 473 0
3390453 464 0
3398452 454 0
3406453 445 0
3414452 436 0
3422457 427 0
3430452 418 0
3438454 408 0
3446453 399 0
3454458 391 0
3462452 382 0
3470454 373 0
3478453 363 0
3486452 354 0
3494452 346 0
3502453 337 0
3510452 328 0
3518456 321 0
3526453 312 0
3534454 304 0
3542452 294 0
3550453 284 0
3558458 274 0
3566454 263 0
3574452 253 0
3582458 242 0
3590453 232 0
3598453 222 0
3606453 213 0
3614452 204 0
3622453 197 0
3630452 190 0
3638453 182 0
3646453 175 0
3655453 166 0
3662452 158 0
3670452 150 0
3678453 142 0
3686452 134 0
3694458 127 0
3702452 118 0
3710452 110 0
3718452 102 0
3726452 93 0
3734452 83 0
3742458 74 0
3750458 65 0
3758455 57 0
3766459 48 0
3774453 38 0
3782452 29 0
3790452 18 1
3798452 10 1
3806453 2 1
3814452 0 0
3846458 0 1
3870765 0 2
3887143 0 5
3894387 0 6
3902387 0 7
3910387 0 10
3918387 0 11
3926388 0 14
3934387 0 16
3942389 0 18
3950387 0 22
3958384 0 23
3966387 0 26
3974389 0 27
3982388 0 30
3990383 0 31
4000384 0 33
4006384 0 36
4014384 0 39
4022384 0 42
4030384 0 46
4038384 0 50
4046384 0 55
4055383 0 62
4062384 0 70
4070384 0 75
4078384 0 84
4086385 0 94
4094383 0 105
4102384 0 119
4110384 0 133
4118385 0 147
4126384 0 163
4134384 0 178
4142384 0 199
4150384 0 219
4158383 0 242
4166384 0 266
4174384 0 291
4182384 0 316
4190770 0 340
4198786 0 362
4206787 0 384
4214833 0 405
4222784 0 426
4230785 0 446
4236784 0 466
4246787 0 486
4254784 0 508
4262785 0 529
4270784 0 550
4278785 0 572
4286784 0 594
4294785 0 613
4302784 0 630
4310784 0 646
4318784 0 659
4326784 0 671
4334784 0 682
4342784 0 697
4350784 0 709
4358827 0 720
4366790 0 732
4374789 0 742
4382789 0 753
4390789 0 762
4398789 0 771
4406790 0 780
4414791 0 788
4422790 0 794
4430789 0 802
4438785 0 809
4446790 0 817
4454786 0 823
4462787 0 831
4470784 0 838
4478789 0 846
4486784 0 854
4494783 0 862
4502786 0 863
4782294 1 863
4790256 3 863
4798256 7 863
4806256 14 863
4814256 22 863
4822257 29 863
4831256 37 863
4838776 45 863
4846778 52 863
4853778 61 863
4862778 69 863
4870774 78 863
4878778 88 863
4886778 102 863
4894779 118 863
4902777 131 863
4910778 148 863
4918778 152 863
4926778 166 863
4934793 188 863
4942793 213 863
4950792 245 863
4958793 268 863
4966793 301 863
4974789 333 863
4982793 351 863
4990792 375 863
4998793 405 863
5006793 436 863
5014793 465 863
5022793 494 863
5030792 522 863
5038789 554 863
5046793 585 863
5054797 614 863
5062792 641 863
5070788 669 863
5078793 691 863
5086792 709 863
5094789 726 863
5102793 736 863
5110792 740 863
5118792 747 863
5126786 757 863
5134806 767 863
5142799 771 863
5150806 774 863
5158806 780 863
5166805 786 863
5174806 796 863
5182806 808 863
5190806 822 863
5198806 839 863
5206799 854 863
5214807 872 863
5222807 891 863
5230806 902 863
5238821 914 863
5246820 928 863
5254815 942 863
5262820 959 863
5270821 976 863
5278820 997 863
5286820 1006 863
5294821 1018 863
5302823 1040 863
5310820 1059 863
5318820 1078 863
5326821 1094 863
5334834 1106 863
5342833 1119 863
5350833 1135 863
5358834 1154 863
5366834 1173 863
5374834 1194 863
5382834 1213 863
5390828 1234 863
5398834 1254 863
5406833 1274 863
5414835 1290 863
5422834 1304 863
5430834 1316 863
5437844 1327 863
5446844 1338 863
5454846 1339 863
5462843 1345 863
5470841 1356 863
5478843 1369 863
5486843 1382 863
5494844 1394 863
5502837 1406 863
5510838 1417 863
5518843 1427 863
5526837 1435 863
5534857 1444 863
5542857 1454 863
5550850 1465 863
5558851 1477 863
5566857 1490 863
5574857 1502 863
5582857 1514 863
5590857 1526 863
5598850 1535 863
5846912 1535 862
5950911 1535 860
5958911 1535 859
5966911 1535 858
6030911 1535 857
6038925 1535 856
6046924 1535 855
6053921 1535 854
6061925 1535 852
6070921 1535 850
6085919 1535 849
6094919 1535 847
6102925 1535 846
6110918 1535 845
6118924 1535 842
6126924 1535 841
6134932 1535 839
6142938 1535 837
6150938 1535 836
6158931 1535 835
6166938 1535 834
6174942 1535 832
6182938 1535 831
6190938 1535 830
6198938 1535 828
6206938 1535 826
6214932 1535 825
6222938 1535 824
6230938 1535 823
6238939 1535 822
6253938 1535 821
6262938 1535 820
6278938 1535 819
6286938 1535 818
6302938 1535 817
6310938 1535 816
6318938 1535 815
7151260 1535 813
7158262 1535 810
7166260 1535 806
7174260 1535 802
7182259 1535 798
7190266 1535 794
7198261 1535 790
7206269 1535 786
7214262 1535 782
7222259 1535 777
7230260 1535 773
7238260 1535 770
7246262 1535 766
7254260 1535 763
7262259 1535 759
7270259 1535 754
7278260 1535 750
7286262 1535 744
7294260 1535 740
7302261 1535 737
7310260 1535 733
7318261 1535 728
7326267 1535 725
7334265 1535 720
7342260 1535 717
7350266 1535 713
7358265 1535 709
7366261 1535 705
7374265 1535 700
7382265 1535 696
7390265 1535 692
7398266 1535 687
7406265 1535 683
7414265 1535 678
7422265 1535 674
7430265 1535 671
7438265 1535 667
7446265 1535 662
7454260 1535 658
7462265 1535 654
7470266 1535 650
7478265 1535 646
7486265 1535 642
7494265 1535 638
7502265 1535 635
7510265 1535 631
7518265 1535 626
7526266 1535 622
7534265 1535 618
7542265 1535 612
7550265 1535 607
7558265 1535 603
7566265 1535 599
7574265 1535 594
7582264 1535 589
7590265 1535 582
7598265 1535 578
7606260 1535 573
7614265 1535 566
7622261 1535 558
7630265 1535 552
7638260 1535 546
7646265 1535 538
7654261 1535 532
7662260 1535 524
7670259 1535 517
7678259 1535 509
7686259 1535 502
7694258 1535 495
7702259 1535 489
7710258 1535 482
7718262 1535 475
7726259 1535 469
7734265 1535 462
7742269 1535 456
7750262 1535 450
7758260 1535 443
7766260 1535 438
7774260 1535 432
7782259 1535 427
7790259 1535 422
7798259 1535 417
7806259 1535 410
7814259 1535 406
7822265 1535 402
7830265 1535 397
7838266 1535 391
7846265 1535 387
7854261 1535 383
7862265 1535 379
7870263 1535 374
7878265 1535 370
7886260 1535 366
7894265 1535 362
7902266 1535 359
7910265 1535 357
7918260 1535 354
7926266 1535 353
7934265 1535 350
7950260 1535 348
7966265 1535 347
7982265 1535 346